0.000000
0.013114
0.038911
0.076976
0.126906
0.188314
0.260821
0.344066
0.437694
0.541367
0.654755
0.777538
0.909410
1.023845
1.121415
1.202673
1.268153
1.344600
1.431655
1.528969
1.636206
1.726814
1.801338
1.860305
1.904225
1.959819
2.026704
2.104510
2.192879
2.265237
2.322109
2.364003
2.391411
2.431033
2.482470
2.545334
2.619251
2.677631
2.720983
2.749801
2.764560
2.791949
2.831554
2.882973
2.945821
2.993495
3.026492
3.045294
3.050365
3.068385
3.098927
3.141581
3.195950
3.235424
3.260490
3.271620
3.269272
3.280115
3.303715
3.339656
3.387532
3.420724
3.439715
3.444970
3.436939
3.442285
3.460569
3.491367
3.534269
3.562651
3.576989
3.577743
3.565360
3.566495
3.580707
3.607567
3.646659
3.671357
3.682131
3.679438
3.663721
3.661632
3.672725
3.696568
3.732742
3.754618
3.762662
3.757330
3.739058
3.734499
3.743203
3.764736
3.798676
3.818390
3.824343
3.816989
3.796761
3.790311
3.797185
3.816948
3.849176
3.867234
3.871587
3.862683
3.840958
3.833058
3.838531
3.856938
3.887856
3.904646
3.907772
3.897682
3.874809
3.865800
3.870199
3.887568
3.917481
3.933300
3.935487
3.924488
3.900737
3.890877
3.894455
3.911029
3.940173
3.955248
3.956715
3.945020
3.920596
3.910085
3.913033
3.928998
3.957552
3.972058
3.972974
3.960746
3.935806
3.924797
3.927262
3.942761
3.970864
3.984933
3.985427
3.972791
3.947456
3.936065
3.938161
3.953302
3.981060
3.994794
3.994965
3.982017
3.956379
3.944696
3.946509
3.961376
3.988869
4.002348
4.002271
3.989083
3.963214
3.951306
3.952902
3.967560
3.994851
4.008133
4.007866
3.994495
3.968448
3.956369
3.957799
3.972297
3.999432
4.012564
4.012152
3.998640
3.972458
3.960247
3.961550
3.975924
4.002941
4.015958
4.015435
4.001815
3.975529
3.936990
3.912829
3.902573
3.905767
3.921970
3.950755
3.965483
3.966615
3.954596
3.929857
3.892816
3.870103
3.861248
3.865797
3.883310
3.913363
3.929316
3.931634
3.920761
3.897132
3.861164
3.813261
3.780043
3.761026
3.755747
3.763755
3.784614
3.791675
3.785391
3.766200
3.734524
3.690773
3.661570
3.646438
3.644915
3.656556
3.680929
3.691390
3.688394
3.672382
3.643782
3.603006
3.576680
3.564331
3.565501
3.579745
3.580409
3.567938
3.542762
3.505298
3.455948
3.421330
3.400961
3.394372
3.401114
3.420747
3.426624
3.419194
3.398895
3.366147
3.321359
3.291154
3.275052
3.272591
3.283325
3.306820
3.316432
3.312615
3.295809
3.266441
3.224922
3.171651
3.133240
3.109201
3.099065
3.102374
3.118688
3.121353
3.110818
3.087515
3.051862
3.004264
2.971340
2.952610
2.947607
2.955881
2.976998
2.984309
2.978266
2.959308
2.927859
2.884326
2.829107
2.788812
2.762952
2.751053
2.752658
2.767323
2.768395
2.756317
2.731522
2.694427
2.645433
2.611160
2.591124
2.584858
2.591911
2.611847
2.618015
2.610868
2.590841
2.558357
2.513825
2.483866
2.468003
2.465774
2.476731
2.474216
2.458669
2.430519
2.390177
2.338045
2.300736
2.277763
2.268657
2.272963
2.290241
2.293839
2.284206
2.261775
2.226966
2.180184
2.148050
2.130083
2.125818
2.134807
2.156615
2.164594
2.159198
2.140865
2.110020
2.067072
2.038646
2.024266
2.023470
2.035814
2.060867
2.071985
2.069625
2.054229
2.026224
1.986024
1.960255
1.948444
1.950135
1.964883
1.992261
2.005629
2.005444
1.992152
1.966182
1.927950
1.904085
1.894116
1.897587
1.914058
1.943103
1.958082
1.959456
1.947672
1.923160
1.886339
1.863838
1.855188
1.859936
1.877641
1.907880
1.950240
1.978099
1.991930
1.992195
1.979337
1.980015
1.993783
2.020214
2.058892
2.109416
2.145169
2.166637
2.174288
2.168574
2.176161
2.196613
2.229508
2.274438
2.331009
2.398838
2.451331
2.488988
2.512298
2.521730
2.543966
2.578587
2.625187
2.683372
2.752763
2.832993
2.897480
2.946738
2.981268
3.001552
3.034285
3.079059
3.135478
3.203161
3.281739
3.344627
3.392340
3.425375
3.444213
3.475548
3.518968
3.574079
3.640497
3.717850
3.805782
3.877717
3.934180
3.975678
4.002703
4.041955
4.093034
4.155552
4.229133
4.313416
4.381823
4.434873
4.473070
4.496902
4.533066
4.581158
4.640786
4.711574
4.766927
4.807352
4.833338
4.845359
4.870099
4.907141
4.956083
5.016534
5.061889
5.092644
5.109277
5.112251
5.128242
5.156821
5.197578
5.250111
5.287809
5.311158
5.320627
5.316672
5.325961
5.348059
5.382545
5.429015
5.460848
5.478523
5.482506
5.473244
5.477400
5.494532
5.524217
5.566042
5.593383
5.606713
5.606493
5.593167
5.593391
5.606721
5.632728
5.670995
5.694895
5.704898
5.701459
5.685019
5.682232
5.692649
5.715839
5.751382
5.772646
5.780100
5.774195
5.755371
5.750277
5.758464
5.779496
5.812952
5.832198
5.837699
5.829907
5.809256
5.776168
5.757279
5.752123
5.760250
5.781223
5.788395
5.782219
5.763132
5.731556
5.687903
5.658794
5.643753
5.642319
5.654045
5.652273
5.637446
5.609991
5.570323
5.518841
5.482161
5.459797
5.451280
5.456156
5.447758
5.426522
5.392869
5.347205
5.289925
5.247636
5.219847
5.206083
5.205884
5.192577
5.166593
5.128348
5.078243
5.016667
4.970223
4.938415
4.920764
4.916805
4.899862
4.870361
4.828713
4.775318
4.710559
4.661037
4.626252
4.605721
4.598977
4.579340
4.547233
4.503066
4.447233
4.380117
4.328314
4.291324
4.268659
4.259852
4.264446
4.255777
4.234278
4.200370
4.154460
4.096942
4.028196
3.974818
3.936303
3.912164
3.901930
3.878918
3.843547
3.796222
3.737335
3.667264
3.612605
3.572851
3.547514
3.536121
3.511988
3.475533
3.427159
3.367258
3.296207
3.240598
3.199927
3.173702
3.161451
3.136487
3.099229
3.050078
2.989425
2.917647
2.861336
2.819985
2.793102
2.780215
2.780864
2.768377
2.743187
2.705709
2.656346
2.595488
2.523511
2.467008
2.425470
2.398408
2.385347
2.359600
2.321584
2.271700
2.210339
2.137875
2.080901
2.038908
2.011405
1.997918
1.997986
1.984938
1.959205
1.921202
1.871331
1.809981
1.763757
1.732161
1.714715
1.710954
1.720430
1.716482
1.699550
1.670059
1.628421
1.575035
1.536513
1.512367
1.502127
1.505335
1.521552
1.524124
1.513498
1.490107
1.454369
1.406689
1.373686
1.354878
1.349801
1.358003
1.379050
1.386294
1.380187
1.361166
1.329655
1.286064
1.257015
1.242032
1.240654
1.252435
1.276943
1.287534
1.284665
1.268775
1.240294
1.199632
1.173417
1.161175
1.162448
1.176792
1.203780
1.216770
1.216220
1.202575
1.176263
1.137701
1.113516
1.103238
1.106410
1.122592
1.151357
1.166065
1.167177
1.155140
1.130384
1.093325
1.070595
1.061724
1.066257
1.083755
1.113794
1.129733
1.132037
1.121151
1.097509
1.061529
1.039841
1.031978
1.037487
1.055928
1.086878
1.103700
1.106858
1.096798
1.073954
1.038745
1.017805
1.010664
1.016872
1.035989
1.067593
1.085047
1.088816
1.079347
1.057076
1.022421
1.002015
0.995392
1.002100
1.021702
1.053774
1.071682
1.075888
1.066844
1.044982
1.010723
0.990701
0.984449
0.991516
1.011465
1.043873
1.062105
1.066625
1.057884
1.036316
1.002342
0.982595
0.976609
0.983932
1.004129
1.036778
1.055242
1.059988
1.051465
1.030107
0.996336
0.976786
0.970990
0.978498
0.998873
1.031694
1.050325
1.055232
1.046865
1.025658
0.992033
0.972624
0.966965
0.974604
0.995107
1.028052
1.046802
1.051825
1.043569
1.022470
0.988950
0.969642
0.964080
0.971814
0.992409
1.025442
1.044278
1.049383
1.041207
1.020186
0.986740
0.967505
0.962013
0.969815
0.990475
1.023571
1.042469
1.047634
1.039515
1.018549
0.985157
0.965974
0.960532
0.968383
0.989090
1.022231
1.041173
1.046380
1.038303
1.017377
0.984023
0.964876
0.959471
0.967357
0.988097
1.021271
1.040244
1.045482
1.037434
1.016536
0.983210
0.964090
0.958711
0.966621
0.987386
1.020583
1.039579
1.044838
1.036811
1.015934
