2
2
2
2
2
2
2
2
2
2
2
2
2
2
2
2
2
2
2
2
2
2
2
2
2
2
2
2
2
2
2
2
2
2
2
2
2
2
2
2
2
2
2
2
2
2
2
2
2
2
2
2
2
2
2
2
2
2
2
2
2
2
2
2
2
2
2
2
2
2
2
2
2
2
2
2
2
2
2
2
2
2
2
2
2
2
2
2
2
2
2
2
2
2
2
2
2
2
2
2
2
2
2
2
2
2
2
2
2
2
2
2
2
2
2
2
2
2
2
2
2
2
2
2
2
2
2
2
2
2
2
2
2
2
2
2
2
2
2
2
2
2
2
2
2
2
2
2
2
2
2
2
2
2
2
2
2
2
2
2
2
2
2
2
2
2
2
2
2
2
2
2
2
2
2
2
2
2
2
2
1.991666667
1.983333333
1.975
1.966666667
1.958333333
1.95
1.941666667
1.933333333
1.925
1.916666667
1.908333333
1.9
1.891666667
1.883333333
1.875
1.866666667
1.858333333
1.85
1.841666667
1.833333333
1.825
1.816666667
1.808333333
1.8
1.791666667
1.783333333
1.775
1.766666667
1.758333333
1.75
1.741666667
1.733333333
1.725
1.716666667
1.708333333
1.7
1.691666667
1.683333333
1.675
1.666666667
1.658333333
1.65
1.641666667
1.633333333
1.625
1.616666667
1.608333333
1.6
1.591666667
1.583333333
1.575
1.566666667
1.558333333
1.55
1.541666667
1.533333333
1.525
1.516666667
1.508333333
1.5
1.491666667
1.483333333
1.475
1.466666667
1.458333333
1.45
1.441666667
1.433333333
1.425
1.416666667
1.408333333
1.4
1.391666667
1.383333333
1.375
1.366666667
1.358333333
1.35
1.341666667
1.333333333
1.325
1.316666667
1.308333333
1.3
1.291666667
1.283333333
1.275
1.266666667
1.258333333
1.25
1.241666667
1.233333333
1.225
1.216666667
1.208333333
1.2
1.191666667
1.183333333
1.175
1.166666667
1.158333333
1.15
1.141666667
1.133333333
1.125
1.116666667
1.108333333
1.1
1.091666667
1.083333333
1.075
1.066666667
1.058333333
1.05
1.041666667
1.033333333
1.025
1.016666667
1.008333333
1
1
1
1
1
1
1
1
1
1
1
1
1
1
1
1
1
1
1
1
1
1
1
1
1
1
1
1
1
1
1
1
1
1
1
1
1
1
1
1
1
1
1
1
1
1
1
1
1
1
1
1
1
1
1
1
1
1
1
1
1
1.033333333
1.066666667
1.1
1.133333333
1.166666667
1.2
1.233333333
1.266666667
1.3
1.333333333
1.366666667
1.4
1.433333333
1.466666667
1.5
1.533333333
1.566666667
1.6
1.633333333
1.666666667
1.7
1.733333333
1.766666667
1.8
1.833333333
1.866666667
1.9
1.933333333
1.966666667
2
2.033333333
2.066666667
2.1
2.133333333
2.166666667
2.2
2.233333333
2.266666667
2.3
2.333333333
2.366666667
2.4
2.433333333
2.466666667
2.5
2.533333333
2.566666667
2.6
2.633333333
2.666666667
2.7
2.733333333
2.766666667
2.8
2.833333333
2.866666667
2.9
2.933333333
2.966666667
3
3
3
3
3
3
3
3
3
3
3
3
3
3
3
3
3
3
3
3
3
3
3
3
3
3
3
3
3
3
3
3
3
3
3
3
3
3
3
3
3
3
3
3
3
3
3
3
3
3
3
3
3
3
3
3
3
3
3
3
3
2.979166667
2.958333333
2.9375
2.916666667
2.895833333
2.875
2.854166667
2.833333333
2.8125
2.791666667
2.770833333
2.75
2.729166667
2.708333333
2.6875
2.666666667
2.645833333
2.625
2.604166667
2.583333333
2.5625
2.541666667
2.520833333
2.5
2.479166667
2.458333333
2.4375
2.416666667
2.395833333
2.375
2.354166667
2.333333333
2.3125
2.291666667
2.270833333
2.25
2.229166667
2.208333333
2.1875
2.166666667
2.145833333
2.125
2.104166667
2.083333333
2.0625
2.041666667
2.020833333
2
1.979166667
1.958333333
1.9375
1.916666667
1.895833333
1.875
1.854166667
1.833333333
1.8125
1.791666667
1.770833333
1.75
1.729166667
1.708333333
1.6875
1.666666667
1.645833333
1.625
1.604166667
1.583333333
1.5625
1.541666667
1.520833333
1.5
1.479166667
1.458333333
1.4375
1.416666667
1.395833333
1.375
1.354166667
1.333333333
1.3125
1.291666667
1.270833333
1.25
1.229166667
1.208333333
1.1875
1.166666667
1.145833333
1.125
1.104166667
1.083333333
1.0625
1.041666667
1.020833333
1
0.979166667
0.958333333
0.9375
0.916666667
0.895833333
0.875
0.854166667
0.833333333
0.8125
0.791666667
0.770833333
0.75
0.729166667
0.708333333
0.6875
0.666666667
0.645833333
0.625
0.604166667
0.583333333
0.5625
0.541666667
0.520833333
0.5
0.5
0.5
0.5
0.5
0.5
0.5
0.5
0.5
0.5
0.5
0.5
0.5
0.5
0.5
0.5
0.5
0.5
0.5
0.5
0.5
0.5
0.5
0.5
0.5
0.5
0.5
0.5
0.5
0.5
0.5
0.5
0.5
0.5
0.5
0.5
0.5
0.5
0.5
0.5
0.5
0.5
0.5
0.5
0.5
0.5
0.5
0.5
0.5
0.5
0.5
0.5
0.5
0.5
0.5
0.5
0.5
0.5
0.5
0.5
0.5
0.5
0.5
0.5
0.5
0.5
0.5
0.5
0.5
0.5
0.5
0.5
0.5
0.5
0.5
0.5
0.5
0.5
0.5
0.5
0.5
0.5
0.5
0.5
0.5
0.5
0.5
0.5
0.5
0.5
0.5
0.5
0.5
0.5
0.5
0.5
0.5
0.5
0.5
0.5
0.5
0.5
0.5
0.5
0.5
0.5
0.5
0.5
0.5
0.5
0.5
0.5
0.5
0.5
0.5
0.5
0.5
0.5
0.5
0.5
0.5
0.5
0.5
0.5
0.5
0.5
0.5
0.5
0.5
0.5
0.5
0.5
0.5
0.5
0.5
0.5
0.5
0.5
0.5
0.5
0.5
0.5
0.5
0.5
0.5
0.5
0.5
0.5
0.5
0.5
0.5
0.5
0.5
0.5
0.5
0.5
0.5
0.5
0.5
0.5
0.5
0.5
0.5
0.5
0.5
0.5
0.5
0.5
0.5
0.5
0.5
0.5
0.5
0.5
0.5
0.5
0.5
0.5
0.5
0.5
0.5
0.5
0.5
0.5
0.5
0.5
0.5
0.5
0.5
0.5
0.5
0.5
0.5
0.5
0.5
0.5
0.5
0.5
0.5
0.5
0.5